4
11
16
20
25
27
28
33
51
59
67
68
70
78
85
88
100
103
107
111
115
118
120
125
135
144
148
157
166
176
177
179
180
190
195
201
203
217
226
230
245
254
281
302
316
319
321
324
325
333
341
343
353
359
360
365
384
399
401
422
449
461
469
484
488
494
498
503
533
548
573
587
597
599
604
610
624
649
668
687
694
695
696
702
772
818
834
836
840
857
862
870
876
900
910
930
948
955
968
971
972
973
987
999
1023
1025
1038
1072
1100
1102
1114
1123
1138
1156
1165
1189
1218
1241
1296
1311
1318
1323
1325
1339
1391
1403
1414
1425
1466
1468
1477
1481
1501
1506
1511
1533
1538
1540
1561
1574
1577
1591
1599
1619
1622
1625
1629
1676
1678
1683
1684
1690
1700
1701
1706
1708
1710
1714
1718
1727
1730
1731
1732
1745
1746
1756
1757
1768
1771
1781
1785
1792
1796
1799
1802
1807
1816
1836
1868
1884
1902
1922
1923
1983
1986
1987
2046
2052
2054
2056
2059
2067
2073
2075
2080
2096
2106
2169
2170
2194
2199
2202
2220
2230
2240
2264
2333
2337
2338
2341
2359
2363
2370
2383
2399
2403
2412
2429
2438
2445
2451
2457
2468
2481
2486
2489
2491
2495
2506
2521
2539
2551
2582
2590
2607
2609
2614
2630
2635
2637
2638
2642
2656
2659
2667
2687
2713
2714
2718
2767
2771
2791
2830
2832
2834
2847
2869
2875
2881
2883
2905
2910
2930
2945
2960
2974
2992
3003
3005
3008
3015
3019
3035
3039
3042
3061
3082
3130
3132
3142
3161
3175
3184
3189
3218
3229
3256
3284
3310
3314
3322
3339
3341
3357
3374
3390
3414
3459
3467
3476
3478
3489
3506
3526
3527
3534
3536
3538
3539
3572
3603
3604
3616
3620
3636
3641
3647
3653
3654
3655
3663
3668
3679
3683
3749
3753
3767
3794
3847
3875
3928
3932
3937
3940
3990
3996
4003
4009
4010
4011
4020
4028
4039
4069
4091
4096
4099
4112
4122
4131
4135
4143
4145
4175
4201
4206
4213
4226
4253
4265
4270
4272
4276
4293
4329
4336
4342
4362
4373
4381
4391
4392
4400
4414
4415
4419
4422
4450
4451
4476
4481
4499
4522
4561
4571
4598
4607
4613
4624
4635
4663
4682
4693
4738
4766
4776
4779
4786
4788
4795
4903
4905
4907
4909
4920
4930
4944
4946
4976
5006
5010
5024
5045
5050
5089
5123
5135
5152
5166
5172
5199
5216
5232
5274
5338
5406
5409
5411
5414
5419
5422
5427
5431
5434
5460
5472
5505
5526
5553
5557
5586
5587
5618
5635
5648
5653
5654
5665
5667
5675
5687
5712
5724
5727
5801
5804
5809
5816
5883
5895
5901
5907
5913
5940
5985
5987
5988
5990
5993
6002
6024
6036
6045
6078
6081
6090
6146
6328
6329
6348
6352
6357
6358
6377
6413
6420
6424
6429
6431
6510
6517
6586
6606
6647
6652
6657
6672
6702
6721
6722
6800
6806
6817
6823
6832
6833
6838
6865
6868
6909
6919
6989
6995
6998
7018
7021
7042
7072
7153
7157
7174
7197
7211
7220
7258
7285
7407
7428
7444
7451
7457
7460
7461
7534
7558
7563
7565
7617
7657
7748
7769
7890
8013
8015
8016
8019
8033
8046
8085
8159
8177
8393
8426
8575
8576
8592
8711
8717
8724
8729
8736
8739
8808
8847
8871
9000
9007
9008
9015
9016
9019
9022
9023
9030
9031
9037
9038
9059
9062
9067
9068
9071
9072
9075
9076
9079
9082
9084
9085
9092
9097
9101
9105
9118
9120
9125
9126
9128
9134
9135
9136
9138
9140
9148
9152
9153
9168
9176
9180
9182
9202
9213
9219
9244
9260
9280
9287
9293
9312
