27
33
51
67
68
70
74
85
107
123
201
217
226
245
302
308
314
469
494
503
548
573
818
857
862
910
1023
1025
1189
1481
1506
1684
1701
1711
1718
1918
1940
2054
2075
2337
2604
2611
2619
2620
2767
2771
2832
2834
2960
3096
3098
3175
3322
3357
3414
3534
3536
3538
3539
3546
3572
3603
3604
3618
3620
3641
3655
3656
3667
3668
3688
3767
3770
3875
4003
4004
4130
4216
4237
4325
4327
4362
4377
4381
4391
4392
4405
4422
4453
4776
4779
4810
4983
5050
5114
5152
5166
5167
5216
5235
5314
5424
5436
5460
5462
5505
5534
5535
5561
5603
5612
5660
5675
5712
5843
5860
5901
5907
5926
6002
6005
6078
6081
6090
6152
6569
6637
6753
6861
7054
7056
7160
7166
7174
7197
7211
7220
7226
7250
7501
7769
7782
7790
7856
8179
8382
8426
8608
8728
9176
9182
9204
9207
9208
9215
9226
9227
9242
9245
9255
9312
