27
33
67
70
85
123
201
217
226
244
245
247
288
302
469
494
503
548
573
818
894
910
1076
1188
1189
1498
1502
1506
1684
1701
1711
1718
1918
2054
2137
2224
2337
2619
2767
2851
3175
3322
3357
3414
3452
3536
3538
3539
3572
3602
3604
3632
3641
3656
3668
3688
3707
3767
3875
4237
4327
4362
4381
4391
4398
4422
4779
4810
4855
4956
4967
5066
5114
5152
5193
5216
5460
5462
5533
5534
5535
5567
5577
5675
5676
5712
5907
6002
6090
6121
6152
6528
6615
6753
7054
7160
7166
7250
7598
7769
8280
8352
8424
8517
8608
8767
8873
9210
9215
9245
9255
9312
9572
10666
11386
11503
