8
16
48
59
67
68
88
103
111
117
125
131
166
167
176
179
180
190
201
233
238
254
263
272
287
294
321
334
340
343
346
359
360
386
401
422
424
449
494
498
503
540
581
587
589
599
604
614
619
686
687
694
695
836
870
948
955
971
972
973
987
1002
1014
1058
1073
1108
1155
1156
1261
1287
1323
1498
1506
1511
1533
1538
1540
1577
1619
1625
1629
1640
1648
1671
1678
1690
1701
1706
1710
1727
1731
1756
1768
1771
1787
1796
1816
1833
1868
1880
1884
1902
1908
1912
1939
1986
1987
2040
2046
2052
2053
2067
2073
2096
2102
2106
2122
2137
2169
2199
2220
2231
2333
2337
2338
2357
2383
2393
2399
2403
2412
2429
2443
2472
2481
2486
2491
2522
2556
2583
2601
2607
2630
2635
2637
2638
2659
2682
2704
2713
2718
2724
2783
2811
2813
2834
2846
2847
2881
2883
2905
2910
2960
2974
2996
3005
3008
3015
3045
3061
3075
3082
3100
3128
3181
3245
3255
3256
3276
3277
3284
3297
3314
3339
3354
3419
3467
3476
3478
3492
3501
3506
3512
3536
3539
3544
3572
3630
3637
3641
3646
3707
3753
3792
3880
3928
3931
3932
3937
3966
3990
4020
4027
4028
4065
4087
4089
4096
4099
4122
4125
4143
4174
4188
4189
4191
4201
4253
4256
4270
4322
4362
4400
4403
4414
4421
4450
4451
4469
4481
4499
4522
4561
4590
4593
4607
4611
4613
4635
4646
4655
4674
4698
4728
4766
4795
4915
5026
5066
5181
5199
5338
5348
5414
5462
5468
5534
5549
5550
5557
5572
5653
5665
5705
5736
5801
5813
5829
5847
5907
5913
5937
5940
5948
5951
5968
5985
5987
6002
6017
6036
6045
6152
6238
6328
6352
6366
6369
6391
6413
6417
6429
6436
6459
6497
6510
6517
6615
6639
6647
6652
6665
6696
6766
6773
6829
6907
6911
6919
6925
6940
6941
6985
6988
6989
6998
7028
7039
7257
7287
7415
7421
7426
7451
7525
7536
7539
7551
7563
7565
7567
7594
7632
7763
7840
7890
8005
8020
8044
8069
8119
8158
8159
8214
8229
8267
8393
8429
8575
8595
8612
8613
8724
8725
8808
8858
9001
9023
9025
9029
9032
9067
9068
9072
9077
9084
9094
9126
9175
9200
9401
9408
9427
9449
9450
9470
9483
9484
9496
9545
9572
9597
9609
9635
9644
9692
9757
9771
10002
10014
10101
10131
10213
10229
10291
10349
10396
10526
10604
10619
10907
10922
10935
10950
10980
10991
11019
11024
11065
11118
11141
11167
11214
11244
11297
11300
11304
11318
11417
11463
