4
8
16
27
33
34
45
51
58
59
67
68
70
78
85
88
103
108
111
114
118
120
125
131
144
148
157
175
176
177
179
180
190
192
195
201
219
226
231
245
254
294
302
316
321
324
325
341
343
346
353
354
359
360
365
368
369
422
424
449
456
461
494
498
503
509
525
539
548
578
581
589
597
604
610
624
649
670
687
694
801
818
829
836
840
857
862
868
876
888
910
930
971
973
980
987
1014
1023
1025
1058
1071
1076
1108
1114
1153
1156
1160
1168
1189
1218
1241
1250
1261
1279
1285
1288
1296
1318
1323
1325
1339
1391
1403
1410
1414
1458
1477
1501
1506
1533
1538
1540
1561
1574
1577
1591
1622
1629
1640
1671
1676
1678
1683
1684
1690
1700
1701
1706
1710
1714
1727
1729
1730
1731
1732
1747
1756
1768
1771
1778
1781
1787
1792
1796
1797
1807
1816
1880
1891
1899
1902
1912
1923
1982
1986
2035
2046
2052
2054
2056
2067
2068
2073
2075
2079
2080
2096
2122
2129
2137
2145
2200
2231
2337
2338
2341
2357
2370
2373
2375
2412
2429
2438
2468
2472
2481
2485
2486
2521
2522
2530
2531
2539
2582
2590
2609
2611
2614
2637
2638
2642
2659
2689
2713
2714
2718
2767
2811
2813
2826
2834
2851
2854
2869
2875
2877
2883
2910
2930
2959
2974
2987
2992
3005
3006
3008
3015
3018
3061
3070
3075
3128
3132
3134
3136
3161
3175
3179
3181
3184
3193
3196
3256
3276
3284
3310
3314
3322
3339
3341
3354
3357
3374
3414
3464
3467
3472
3473
3476
3478
3480
3489
3494
3504
3506
3534
3538
3539
3544
3546
3572
3603
3604
3620
3627
3637
3641
3647
3654
3655
3656
3663
3683
3707
3767
3847
3863
3880
3928
3937
3950
3990
4020
4028
4039
4043
4063
4091
4096
4099
4112
4118
4122
4125
4130
4131
4135
4143
4145
4146
4159
4188
4206
4230
4237
4270
4272
4285
4322
4329
4342
4362
4381
4391
4392
4400
4403
4405
4414
4450
4451
4476
4481
4499
4501
4522
4561
4593
4607
4611
4613
4630
4635
4639
4655
4735
4738
4766
4779
4786
4795
4828
4907
4909
4917
4920
4944
4946
4952
4967
5002
5010
5024
5112
5114
5126
5152
5166
5216
5232
5285
5406
5409
5414
5417
5427
5436
5460
5461
5472
5484
5534
5584
5587
5614
5665
5667
5687
5705
5712
5715
5804
5809
5813
5822
5851
5885
5892
5895
5907
5914
5933
5934
5940
5951
5985
5987
5993
5996
6002
6014
6017
6036
6045
6081
6090
6147
6191
6217
6328
6329
6366
6413
6424
6429
6443
6459
6569
6574
6586
6615
6639
6647
6652
6672
6740
6800
6806
6865
6902
6911
6919
6941
6988
6989
7021
7028
7048
7056
7102
7111
7121
7157
7166
7174
7197
7226
7312
7407
7419
7421
7426
7428
7451
7457
7501
7525
7531
7558
7565
7567
7589
7605
7660
7712
7748
7762
7763
7848
8011
8013
8019
8033
8044
8048
8054
8056
8085
8153
8159
8188
8214
8298
8338
8393
8513
8517
8575
8576
8592
8608
8613
8717
8727
8738
8780
8817
8840
8873
8882
8891
9008
9015
9016
9023
9072
9098
9120
9128
9134
9312
9400
9401
9403
9404
9405
9406
9408
9416
9418
9421
9426
9427
9429
9431
9432
9450
9452
9455
9458
9462
9475
9477
9478
9480
9483
9495
9496
9498
9499
9501
9535
9545
9564
9576
9579
9584
9586
9593
9602
9609
9610
9613
9624
9636
9642
9644
9659
9668
9692
9694
9709
9717
9726
9739
9752
9758
9764
9785
9787
