1
27
33
51
67
68
70
85
107
123
201
226
244
245
280
302
494
503
548
815
818
857
858
862
894
910
1023
1025
1076
1189
1250
1481
1502
1506
1684
1701
1711
1718
2054
2075
2137
2145
2224
2337
2586
2611
2620
2767
2771
2851
2959
2960
3175
3322
3357
3414
3452
3534
3536
3538
3539
3546
3572
3602
3603
3604
3618
3620
3641
3655
3656
3688
3707
3767
3770
3875
4004
4130
4237
4362
4381
4391
4392
4405
4422
4453
4779
4967
4998
5084
5114
5152
5166
5216
5424
5436
5460
5505
5530
5533
5534
5561
5577
5612
5641
5675
5676
5712
5901
5907
6002
6078
6081
6085
6090
6113
6120
6121
6152
6528
6538
6548
6569
6570
6615
6618
7056
7154
7166
7174
7178
7197
7211
7226
7501
7660
7762
7768
7769
7782
8179
8280
8286
8352
8373
8424
8427
8517
8608
8612
8873
9176
9208
9215
9237
9312
9558
9572
9618
9743
